1749    1   96.70
1749    2  104.30
1749    3  116.70
1749    4   92.80
1749    5  141.70
1749    6  139.20
1749    7  158.00
1749    8  110.50
1749    9  126.50
1749   10  125.80
1749   11  264.30
1749   12  142.00
1750    1  122.20
1750    2  126.50
1750    3  148.70
1750    4  147.20
1750    5  150.00
1750    6  166.70
1750    7  142.30
1750    8  171.70
1750    9  152.00
1750   10  109.50
1750   11  105.50
1750   12  125.70
1751    1  116.70
1751    2   72.50
1751    3   75.50
1751    4   94.00
1751    5  101.20
1751    6   84.50
1751    7  110.50
1751    8   99.70
1751    9   39.20
1751   10   38.70
1751   11   47.50
1751   12   73.30
1752    1   58.30
1752    2   83.30
1752    3  118.30
1752    4   98.80
1752    5   99.50
1752    6   66.00
1752    7  130.70
1752    8   48.80
1752    9   45.20
1752   10   77.70
1752   11   62.70
1752   12   66.70
1753    1   73.30
1753    2   53.30
1753    3   76.20
1753    4   63.30
1753    5   60.00
1753    6   52.80
1753    7   36.70
1753    8   65.00
1753    9   46.70
1753   10   41.70
1753   11   33.30
1753   12   11.20
1754    1    0.00
1754    2    5.00
1754    3    2.80
1754    4   22.80
1754    5   34.50
1754    6   44.50
1754    7   31.30
1754    8   20.50
1754    9   13.70
1754   10   40.20
1754   11   22.00
1754   12    7.00
1755    1   17.00
1755    2   18.70
1755    3   11.30
1755    4   10.80
1755    5    0.00
1755    6    0.00
1755    7   14.30
1755    8    5.30
1755    9   29.70
1755   10   39.50
1755   11   11.30
1755   12   33.30
1756    1   20.80
1756    2   11.80
1756    3    9.00
1756    4   15.70
1756    5   20.80
1756    6   21.50
1756    7    6.00
1756    8   10.70
1756    9   19.70
1756   10   23.80
1756   11   28.30
1756   12   15.70
1757    1   23.50
1757    2   35.30
1757    3   43.70
1757    4   50.00
1757    5   63.50
1757    6   21.30
1757    7   41.70
1757    8   85.50
1757    9   66.20
1757   10   54.20
1757   11  107.80
1757   12   55.80
1758    1   62.70
1758    2   86.70
1758    3   81.70
1758    4  120.50
1758    5   77.30
1758    6   75.00
1758    7   73.30
1758    8   64.50
1758    9  104.20
1758   10   62.80
1758   11   71.70
1758   12   71.70
1759    1   80.50
1759    2   73.30
1759    3   78.00
1759    4   78.30
1759    5   81.70
1759    6   83.30
1759    7   85.00
1759    8  118.80
1759    9  128.70
1759   10   99.50
1759   11   77.20
1759   12   95.00
1760    1  112.20
1760    2   99.20
1760    3  124.50
1760    4   97.20
1760    5  120.00
1760    6   80.50
1760    7  110.00
1760    8  126.00
1760    9  102.20
1760   10   84.30
1760   11   99.50
1760   12  101.70
1761    1  116.70
1761    2  151.70
1761    3  134.50
1761    4  119.50
1761    5  178.70
1761    6  165.50
1761    7  156.80
1761    8  151.80
1761    9  167.80
1761   10  147.80
1761   11  149.50
1761   12   76.70
1762    1   73.00
1762    2  121.30
1762    3   76.20
1762    4  100.30
1762    5   66.50
1762    6  128.50
1762    7   56.30
1762    8  112.80
1762    9  114.20
1762   10  115.50
1762   11  129.70
1762   12  128.70
1763    1   94.20
1763    2   53.20
1763    3   57.00
1763    4   54.80
1763    5   54.50
1763    6   59.70
1763    7   90.30
1763    8   44.20
1763    9  113.50
1763   10   77.20
1763   11  101.50
1763   12  102.30
1764    1   99.50
1764    2   99.50
1764    3   67.00
1764    4   57.30
1764    5   73.80
1764    6   50.00
1764    7   50.00
1764    8   50.00
1764    9   47.00
1764   10   46.70
1764   11   43.30
1764   12   42.80
1765    1   40.00
1765    2   43.30
1765    3   41.70
1765    4   36.70
1765    5   33.70
1765    6   33.30
1765    7   45.00
1765    8   49.50
1765    9   26.70
1765   10   23.30
1765   11   23.30
1765   12   21.70
1766    1   20.00
1766    2   18.30
1766    3   61.00
1766    4   10.00
1766    5   44.70
1766    6    5.00
1766    7    5.50
1766    8    6.70
1766    9    7.20
1766   10    8.30
1766   11    9.50
1766   12   32.00
1767    1   45.70
1767    2   50.00
1767    3   71.70
1767    4   54.80
1767    5   49.70
1767    6   55.50
1767    7   36.50
1767    8   68.00
1767    9   71.20
1767   10   73.50
1767   11   91.20
1767   12   88.80
1768    1   89.20
1768    2  110.20
1768    3   77.20
1768    4   71.20
1768    5  129.50
1768    6  129.00
1768    7   87.70
1768    8  111.30
1768    9  124.70
1768   10  129.70
1768   11  151.00
1768   12  186.30
1769    1  123.20
1769    2  107.00
1769    3  107.20
1769    4  161.20
1769    5  122.70
1769    6  157.30
1769    7  197.70
1769    8  200.50
1769    9  248.00
1769   10  263.70
1769   11  246.80
1769   12  186.70
1770    1  173.30
1770    2  237.50
1770    3  133.50
1770    4   85.00
1770    5  116.80
1770    6  138.80
1770    7  183.00
1770    8  210.50
1770    9  174.00
1770   10  172.70
1770   11  220.30
1770   12  170.50
1771    1   60.00
1771    2   77.00
1771    3   77.80
1771    4  108.20
1771    5  254.50
1771    6  199.20
1771    7  112.80
1771    8   97.50
1771    9  169.00
1771   10  150.00
1771   11  166.20
1771   12  159.50
1772    1  168.20
1772    2  151.30
1772    3   51.80
1772    4  153.70
1772    5   63.30
1772    6   95.00
1772    7  128.80
1772    8   93.70
1772    9   84.20
1772   10  131.00
1772   11  102.20
1772   12  106.70
1773    1   91.00
1773    2   48.30
1773    3   85.30
1773    4   54.80
1773    5   68.50
1773    6   47.30
1773    7   46.20
1773    8   21.20
1773    9   48.80
1773   10   43.80
1773   11   68.20
1773   12   72.00
1774    1   78.00
1774    2  109.00
1774    3   92.80
1774    4   73.00
1774    5   85.50
1774    6   47.50
1774    7   29.20
1774    8   11.00
1774    9   13.20
1774   10   23.30
1774   11   29.50
1774   12   20.30
1775    1    7.30
1775    2    0.00
1775    3   19.30
1775    4   18.70
1775    5    6.50
1775    6   20.50
1775    7    1.70
1775    8   13.20
1775    9    5.30
1775   10    9.30
1775   11   25.20
1775   12   13.20
1776    1   36.20
1776    2   19.30
1776    3   10.50
1776    4   36.30
1776    5   18.70
1776    6   31.70
1776    7    1.70
1776    8   40.30
1776    9   26.70
1776   10   50.00
1776   11   58.30
1776   12   66.70
1777    1   75.00
1777    2   60.80
1777    3   65.00
1777    4  159.20
1777    5  133.80
1777    6  134.50
1777    7  158.30
1777    8  186.70
1777    9  193.70
1777   10  177.50
1777   11  243.30
1777   12  262.20
1778    1  295.50
1778    2  182.20
1778    3  223.30
1778    4  241.70
1778    5  398.20
1778    6  286.00
1778    7  255.00
1778    8  233.30
1778    9  286.20
1778   10  260.50
1778   11  250.50
1778   12  175.00
1779    1  191.20
1779    2  276.20
1779    3  196.70
1779    4  241.70
1779    5  233.30
1779    6  189.50
1779    7  238.30
1779    8  186.70
1779    9  185.00
1779   10  206.70
1779   11  190.00
1779   12  183.30
1780    1  116.70
1780    2  163.30
1780    3  163.30
1780    4  158.30
1780    5  178.70
1780    6  146.70
1780    7  143.30
1780    8  143.30
1780    9  156.20
1780   10  128.30
1780   11  100.00
1780   12   97.80
1781    1  164.50
1781    2  124.50
1781    3   88.30
1781    4  113.80
1781    5  174.50
1781    6  162.80
1781    7  122.50
1781    8  110.00
1781    9   85.00
1781   10   45.50
1781   11  111.70
1781   12   58.70
1782    1   90.00
1782    2   62.50
1782    3   61.70
1782    4   68.30
1782    5   90.50
1782    6   63.30
1782    7   61.70
1782    8   73.30
1782    9   56.70
1782   10   38.70
1782   11   52.50
1782   12   50.00
1783    1   46.70
1783    2   64.50
1783    3   44.50
1783    4   47.20
1783    5   38.30
1783    6   42.00
1783    7   53.70
1783    8   33.30
1783    9   30.00
1783   10   13.30
1783   11   25.00
1783   12   17.50
1784    1   21.70
1784    2   13.30
1784    3   18.30
1784    4   16.70
1784    5   10.00
1784    6   15.00
1784    7   10.00
1784    8   16.70
1784    9   16.70
1784   10   13.30
1784   11   28.30
1784   12   23.30
1785    1   10.80
1785    2   13.30
1785    3   15.00
1785    4   26.20
1785    5   34.50
1785    6   43.80
1785    7   60.50
1785    8   33.30
1785    9   53.30
1785   10   78.70
1785   11   67.00
1785   12   45.50
1786    1   62.00
1786    2   79.30
1786    3   79.50
1786    4  142.30
1786    5  153.80
1786    6   98.30
1786    7  138.30
1786    8  149.50
1786    9  185.80
1786   10  187.20
1786   11  193.30
1786   12  187.80
1787    1  224.50
1787    2  176.70
1787    3  145.70
1787    4  212.00
1787    5  224.70
1787    6  165.30
1787    7  213.30
1787    8  228.70
1787    9  262.20
1787   10  261.70
1787   11  235.80
1787   12  290.00
1788    1  230.00
1788    2  215.30
1788    3  238.80
1788    4  180.80
1788    5  188.30
1788    6  257.00
1788    7  235.80
1788    8  226.70
1788    9  235.00
1788   10  236.70
1788   11  157.80
1788   12  215.80
1789    1  190.00
1789    2  208.80
1789    3  200.00
1789    4  205.50
1789    5  205.80
1789    6  200.00
1789    7  195.00
1789    8  171.70
1789    9  186.70
1789   10  149.50
1789   11  223.30
1789   12  225.80
1790    1  171.70
1790    2  212.50
1790    3  160.50
1790    4  156.70
1790    5  155.00
1790    6  151.70
1790    7  115.50
1790    8  145.00
1790    9  128.80
1790   10  140.50
1790   11  136.70
1790   12  123.30
1791    1  121.20
1791    2  103.30
1791    3  123.30
1791    4  128.70
1791    5  122.80
1791    6  107.00
1791    7  118.30
1791    8   71.70
1791    9  110.80
1791   10  102.80
1791   11  111.70
1791   12  110.00
1792    1   96.70
1792    2  106.70
1792    3  105.00
1792    4  126.20
1792    5  103.30
1792    6  101.70
1792    7   76.30
1792    8  100.00
1792    9   98.30
1792   10   98.30
1792   11   95.00
1792   12   93.30
1793    1   93.30
1793    2   91.70
1793    3   92.50
1793    4   88.30
1793    5   87.20
1793    6   85.00
1793    7   83.30
1793    8   48.80
1793    9   40.00
1793   10   78.30
1793   11   73.30
1793   12   76.20
1794    1   75.00
1794    2   73.30
1794    3   63.30
1794    4   47.30
1794    5   92.80
1794    6   69.20
1794    7   68.30
1794    8   66.70
1794    9   18.50
1794   10   47.50
1794   11  112.30
1794   12   85.70
1795    1   35.70
1795    2   66.50
1795    3   21.00
1795    4   31.00
1795    5   51.70
1795    6   28.50
1795    7   21.50
1795    8   42.80
1795    9   22.50
1795   10   32.50
1795   11   41.70
1795   12   30.00
1796    1   36.70
1796    2   39.70
1796    3   26.20
1796    4   52.80
1796    5   35.00
1796    6   11.20
1796    7   44.80
1796    8    2.50
1796    9   30.70
1796   10   18.30
1796   11   14.00
1796   12    8.50
1797    1   24.00
1797    2    7.00
1797    3    6.70
1797    4    6.70
1797    5   12.20
1797    6   18.50
1797    7    7.20
1797    8   10.00
1797    9    9.50
1797   10   11.50
1797   11    9.70
1797   12    5.00
1798    1    3.30
1798    2    6.70
1798    3   20.70
1798    4    1.80
1798    5    0.00
1798    6    0.00
1798    7    0.00
1798    8    5.00
1798    9    4.00
1798   10    2.50
1798   11   20.80
1798   12   16.50
1799    1    2.70
1799    2   21.00
1799    3   36.20
1799    4   14.00
1799    5   13.70
1799    6   17.70
1799    7    3.50
1799    8    0.00
1799    9    0.00
1799   10    7.70
1799   11    4.50
1799   12   14.30
1800    1   11.50
1800    2   15.50
1800    3   23.20
1800    4    0.00
1800    5    8.30
1800    6   39.50
1800    7   35.00
1800    8   32.50
1800    9   19.20
1800   10   20.50
1800   11   17.50
1800   12   66.80
1801    1   45.00
1801    2   48.30
1801    3   50.00
1801    4   51.70
1801    5   53.30
1801    6   52.00
1801    7   58.30
1801    8   64.50
1801    9   55.80
1801   10   54.30
1801   11   66.30
1801   12   80.30
1802    1   79.70
1802    2   78.30
1802    3   68.00
1802    4   70.00
1802    5   73.30
1802    6   76.70
1802    7   80.00
1802    8   83.30
1802    9   86.30
1802   10   64.20
1802   11   57.50
1802   12   83.30
1803    1   83.30
1803    2   84.70
1803    3   49.20
1803    4   41.70
1803    5   73.80
1803    6   60.00
1803    7   80.50
1803    8   56.80
1803    9   75.50
1803   10   90.50
1803   11   85.00
1803   12   80.00
1804    1   75.50
1804    2   80.50
1804    3   80.00
1804    4   84.30
1804    5   55.70
1804    6   58.00
1804    7   49.70
1804    8   71.80
1804    9   88.30
1804   10  103.80
1804   11  101.70
1804   12  100.00
1805    1  101.70
1805    2   73.50
1805    3   85.70
1805    4   62.50
1805    5   65.00
1805    6   67.50
1805    7   62.70
1805    8   71.20
1805    9   74.00
1805   10   49.00
1805   11   68.30
1805   12   63.80
1806    1   65.00
1806    2   49.30
1806    3   54.50
1806    4   46.20
1806    5   44.00
1806    6   42.70
1806    7   50.00
1806    8   43.80
1806    9   40.00
1806   10   45.00
1806   11   41.70
1806   12   40.00
1807    1   20.00
1807    2   20.30
1807    3   16.00
1807    4   39.70
1807    5   16.70
1807    6   20.00
1807    7   21.20
1807    8   20.00
1807    9    9.50
1807   10   13.30
1807   11    4.30
1807   12    0.00
1808    1    0.00
1808    2    7.50
1808    3    0.00
1808    4   20.50
1808    5   22.50
1808    6   22.50
1808    7   11.20
1808    8   13.30
1808    9   19.50
1808   10    7.80
1808   11   17.50
1808   12   20.50
1809    1   12.00
1809    2   15.30
1809    3    1.50
1809    4    4.20
1809    5    3.30
1809    6   12.80
1809    7    0.50
1809    8    0.30
1809    9    0.70
1809   10    0.00
1809   11    0.00
1809   12    0.00
1810    1    0.00
1810    2    0.00
1810    3    0.00
1810    4    0.00
1810    5    0.00
1810    6    0.00
1810    7    0.00
1810    8    0.00
1810    9    0.00
1810   10    0.00
1810   11    0.00
1810   12    0.00
1811    1    0.00
1811    2    0.00
1811    3    0.00
1811    4    0.00
1811    5    0.00
1811    6    0.00
1811    7   11.00
1811    8    0.00
1811    9    4.00
1811   10   10.20
1811   11    1.30
1811   12    1.80
1812    1   18.80
1812    2    3.20
1812    3    1.20
1812    4    0.00
1812    5    1.70
1812    6    2.20
1812    7    0.80
1812    8   26.00
1812    9    8.70
1812   10    6.50
1812   11   13.20
1812   12   16.80
1813    1    0.00
1813    2   17.20
1813    3    3.20
1813    4   27.70
1813    5    9.20
1813    6   18.70
1813    7   30.50
1813    8   14.00
1813    9   25.50
1813   10   46.30
1813   11   27.80
1813   12   23.80
1814    1   37.00
1814    2   20.00
1814    3    9.50
1814    4   39.70
1814    5    9.70
1814    6   24.80
1814    7   30.80
1814    8    3.80
1814    9   13.50
1814   10   32.20
1814   11   24.20
1814   12   33.50
1815    1   32.00
1815    2   53.70
1815    3   43.70
1815    4   52.70
1815    5   16.30
1815    6   93.20
1815    7   59.20
1815    8   78.70
1815    9   52.50
1815   10   55.80
1815   11   62.00
1815   12  108.30
1816    1   43.80
1816    2  114.70
1816    3  122.80
1816    4   98.00
1816    5   73.80
1816    6   72.70
1816    7   64.70
1816    8   38.70
1816    9   79.70
1816   10   94.00
1816   11   63.50
1816   12   49.80
1817    1   60.70
1817    2   96.50
1817    3  160.30
1817    4   44.00
1817    5   35.30
1817    6   66.70
1817    7   83.30
1817    8   75.00
1817    9   61.20
1817   10   42.70
1817   11   48.20
1817   12   47.30
1818    1   58.10
1818    2   37.40
1818    3   42.40
1818    4   57.50
1818    5   88.50
1818    6   60.80
1818    7   46.80
1818    8   52.60
1818    9   43.40
1818   10   52.80
1818   11   18.30
1818   12   43.00
1819    1   54.70
1819    2   34.60
1819    3    6.30
1819    4   33.70
1819    5   32.60
1819    6   58.30
1819    7   52.50
1819    8   43.50
1819    9   24.80
1819   10   45.90
1819   11   41.80
1819   12   50.90
1820    1   32.00
1820    2   44.40
1820    3    7.50
1820    4   32.30
1820    5   48.90
1820    6   17.90
1820    7   34.10
1820    8   43.10
1820    9    8.60
1820   10   14.90
1820   11   13.20
1820   12   15.10
1821    1   36.00
1821    2    7.00
1821    3    9.50
1821    4   15.20
1821    5    2.80
1821    6    3.00
1821    7    4.30
1821    8    8.00
1821    9    7.30
1821   10   31.40
1821   11    7.30
1821   12    0.40
1822    1    0.00
1822    2    1.50
1822    3   26.90
1822    4   21.70
1822    5    2.40
1822    6    9.30
1822    7   13.20
1822    8    3.40
1822    9    0.00
1822   10    0.60
1822   11    0.00
1822   12    0.00
1823    1    0.00
1823    2    0.00
1823    3    1.00
1823    4    0.00
1823    5    0.00
1823    6    0.00
1823    7    0.80
1823    8    0.00
1823    9    0.00
1823   10    0.00
1823   11    0.00
1823   12   34.00
1824    1   36.00
1824    2   18.00
1824    3    0.00
1824    4   32.30
1824    5    4.60
1824    6    0.00
1824    7    0.00
1824    8    2.30
1824    9   34.30
1824   10   42.00
1824   11    0.00
1824   12    1.40
1825    1    8.40
1825    2   25.90
1825    3   37.40
1825    4    6.20
1825    5   25.80
1825    6   25.60
1825    7   51.50
1825    8   42.80
1825    9   26.20
1825   10   26.00
1825   11   19.60
1825   12   36.70
1826    1   29.40
1826    2   30.20
1826    3   61.30
1826    4   40.00
1826    5   53.90
1826    6   61.70
1826    7   87.50
1826    8   66.00
1826    9   31.60
1826   10   84.40
1826   11   65.80
1826   12  113.60
1827    1   57.70
1827    2   79.00
1827    3   96.30
1827    4   76.70
1827    5   93.80
1827    6   94.40
1827    7   70.40
1827    8   89.40
1827    9   82.60
1827   10   93.50
1827   11   80.40
1827   12   76.80
1828    1   88.00
1828    2  107.30
1828    3  108.50
1828    4  101.90
1828    5  148.60
1828    6  163.40
1828    7   90.40
1828    8  127.30
1828    9   83.90
1828   10   91.10
1828   11   95.00
1828   12   78.10
1829    1   71.60
1829    2   82.30
1829    3  120.60
1829    4  158.40
1829    5  112.30
1829    6  123.20
1829    7  151.50
1829    8  129.30
1829    9   88.00
1829   10   95.30
1829   11  112.70
1829   12   94.10
1830    1   87.00
1830    2  120.10
1830    3  141.00
1830    4  177.30
1830    5  110.50
1830    6  108.40
1830    7   73.20
1830    8   84.60
1830    9  103.40
1830   10  140.60
1830   11  135.40
1830   12  136.80
1831    1   79.00
1831    2   83.60
1831    3  155.80
1831    4   90.90
1831    5   63.40
1831    6   55.60
1831    7   75.40
1831    8   91.60
1831    9   63.20
1831   10   77.10
1831   11   72.50
1831   12   48.30
1832    1   51.50
1832    2   92.60
1832    3   91.90
1832    4   44.80
1832    5   68.90
1832    6   44.50
1832    7   23.30
1832    8   14.80
1832    9   13.70
1832   10   35.20
1832   11   23.80
1832   12   45.80
1833    1   18.70
1833    2   24.90
1833    3   19.60
1833    4    4.60
1833    5   21.50
1833    6    1.70
1833    7   11.60
1833    8    9.50
1833    9   19.30
1833   10   12.50
1833   11    9.80
1833   12   16.60
1834    1    8.20
1834    2   30.10
1834    3    6.50
1834    4    2.40
1834    5   14.80
1834    6   13.10
1834    7   14.40
1834    8    6.60
1834    9   19.20
1834   10   41.30
1834   11   50.90
1834   12   57.50
1835    1   12.40
1835    2   40.70
1835    3   32.70
1835    4  102.40
1835    5   72.60
1835    6   55.20
1835    7   99.60
1835    8   98.50
1835    9  168.00
1835   10  158.60
1835   11  166.70
1835   12  129.30
1836    1  147.60
1836    2  179.40
1836    3  163.70
1836    4  238.00
1836    5  185.70
1836    6  207.90
1836    7  194.60
1836    8  179.60
1836    9  158.50
1836   10  228.90
1836   11  201.50
1836   12  343.80
1837    1  313.40
1837    2  292.60
1837    3  224.30
1837    4  230.30
1837    5  186.10
1837    6  263.40
1837    7  271.20
1837    8  223.50
1837    9  160.40
1837   10  206.20
1837   11  178.40
1837   12  216.10
1838    1  241.50
1838    2  141.30
1838    3  234.50
1838    4  211.10
1838    5  229.40
1838    6  157.60
1838    7  180.40
1838    8  131.30
1838    9  122.70
1838   10  151.50
1838   11  129.20
1838   12  132.90
1839    1  175.90
1839    2  170.80
1839    3  129.50
1839    4  102.90
1839    5   89.60
1839    6   91.20
1839    7  141.30
1839    8  218.80
1839    9  221.10
1839   10  151.50
1839   11  114.70
1839   12  106.20
1840    1  135.40
1840    2  146.10
1840    3  112.90
1840    4  109.80
1840    5  115.40
1840    6   80.90
1840    7  101.00
1840    8   96.40
1840    9  123.30
1840   10   91.70
1840   11   90.40
1840   12   89.50
1841    1   40.10
1841    2   49.90
1841    3   49.60
1841    4   66.90
1841    5  112.40
1841    6   92.80
1841    7   51.40
1841    8   65.40
1841    9   60.90
1841   10   47.40
1841   11   32.90
1841   12   64.80
1842    1   34.00
1842    2   36.80
1842    3   36.20
1842    4   44.90
1842    5   41.40
1842    6   34.20
1842    7   21.00
1842    8   44.40
1842    9   30.60
1842   10   63.50
1842   11   67.50
1842   12   29.30
1843    1   22.20
1843    2    5.90
1843    3   13.90
1843    4   15.80
1843    5   35.10
1843    6   17.60
1843    7   15.90
1843    8   19.60
1843    9    6.90
1843   10    8.90
1843   11   31.70
1843   12   21.20
1844    1   15.70
1844    2   24.50
1844    3   22.50
1844    4   34.60
1844    5   19.20
1844    6    6.20
1844    7   35.20
1844    8   39.70
1844    9   11.60
1844   10   35.90
1844   11   17.90
1844   12   36.00
1845    1   42.80
1845    2   72.80
1845    3   72.10
1845    4   95.00
1845    5   79.70
1845    6   51.80
1845    7   51.00
1845    8   53.90
1845    9   49.30
1845   10   67.80
1845   11   65.70
1845   12   99.50
1846    1   64.60
1846    2   84.90
1846    3  106.50
1846    4  115.50
1846    5   99.90
1846    6  108.40
1846    7   77.50
1846    8   91.30
1846    9  178.60
1846   10   93.40
1846   11  100.60
1846   12  109.10
1847    1  104.40
1847    2   74.90
1847    3  143.00
1847    4   74.60
1847    5  125.70
1847    6  142.20
1847    7   87.10
1847    8  234.30
1847    9  268.20
1847   10  300.60
1847   11  231.50
1847   12  182.60
1848    1  265.20
1848    2  186.40
1848    3  181.20
1848    4  178.60
1848    5  170.50
1848    6  214.90
1848    7  232.00
1848    8  220.90
1848    9  167.30
1848   10  220.60
1848   11  191.00
1848   12  265.80
1849    1  298.30
1849    2  250.30
1849    3  182.70
1849    4  194.70
1849    5  153.20
1849    6  154.20
1849    7  148.20
1849    8  128.60
1849    9  178.00
1849   10  135.70
1849   11  188.20
1849   12  184.30
1850    1  148.20
1850    2  169.80
1850    3  156.80
1850    4   83.80
1850    5  117.00
1850    6  133.00
1850    7   74.30
1850    8  117.00
1850    9  163.70
1850   10  134.90
1850   11  104.10
1850   12  115.90
1851    1  143.50
1851    2  200.10
1851    3  122.80
1851    4  107.30
1851    5  118.90
1851    6  120.00
1851    7   68.60
1851    8  109.00
1851    9  128.90
1851   10  118.70
1851   11   96.80
1851   12  135.50
1852    1  129.90
1852    2  126.20
1852    3  116.20
1852    4  124.30
1852    5  104.30
1852    6   89.00
1852    7   80.00
1852    8   75.30
1852    9   71.20
1852   10  127.90
1852   11  103.10
1852   12   86.10
1853    1   77.90
1853    2   81.50
1853    3   71.60
1853    4   90.40
1853    5   65.90
1853    6   76.00
1853    7   87.20
1853    8   95.80
1853    9   63.70
1853   10   80.50
1853   11   54.70
1853   12   44.50
1854    1   29.30
1854    2   38.00
1854    3   39.40
1854    4   50.30
1854    5   45.60
1854    6   40.10
1854    7   35.50
1854    8   30.10
1854    9   42.60
1854   10   24.10
1854   11   53.50
1854   12   41.10
1855    1   23.40
1855    2   21.60
1855    3   33.00
1855    4    8.40
1855    5   17.30
1855    6   10.00
1855    7    0.70
1855    8    5.90
1855    9    0.00
1855   10   18.30
1855   11    7.90
1855   12    5.80
1856    1    1.00
1856    2    9.30
1856    3    0.70
1856    4   12.40
1856    5    0.00
1856    6    9.80
1856    7    8.80
1856    8   11.30
1856    9    8.40
1856   10    8.50
1856   11   14.70
1856   12   13.70
1857    1   26.00
1857    2   14.20
1857    3   10.00
1857    4   21.10
1857    5   54.20
1857    6   30.50
1857    7   42.20
1857    8   32.00
1857    9   80.60
1857   10   77.10
1857   11   59.60
1857   12   70.70
1858    1   74.20
1858    2   66.30
1858    3  109.20
1858    4   72.80
1858    5   78.60
1858    6   84.50
1858    7  107.70
1858    8  104.90
1858    9  152.20
1858   10  173.20
1858   11   98.60
1858   12  127.00
1859    1  159.00
1859    2  166.40
1859    3  171.50
1859    4  162.90
1859    5  172.80
1859    6  165.20
1859    7  180.70
1859    8  203.00
1859    9  200.90
1859   10  217.80
1859   11  184.60
1859   12  153.90
1860    1  156.60
1860    2  167.90
1860    3  188.00
1860    4  135.70
1860    5  203.50
1860    6  206.30
1860    7  221.90
1860    8  190.50
1860    9  175.20
1860   10  171.10
1860   11  186.00
1860   12  181.70
1861    1  118.50
1861    2  147.50
1861    3  192.00
1861    4  187.10
1861    5  107.80
1861    6  167.50
1861    7  148.20
1861    8  156.70
1861    9  151.90
1861   10  127.70
1861   11  102.00
1861   12  152.80
1862    1  119.90
1862    2  122.40
1862    3   82.70
1862    4  102.10
1862    5  122.40
1862    6  159.70
1862    7  139.50
1862    8  118.70
1862    9  126.40
1862   10   79.80
1862   11   96.00
1862   12   77.60
1863    1   91.80
1863    2  107.70
1863    3  126.00
1863    4   77.10
1863    5  102.10
1863    6   77.60
1863    7   62.00
1863    8   91.30
1863    9   41.70
1863   10   75.70
1863   11   71.60
1863   12   78.10
1864    1  109.70
1864    2   89.50
1864    3  125.90
1864    4   68.10
1864    5   77.10
1864    6  109.90
1864    7  103.80
1864    8  104.10
1864    9   54.20
1864   10   64.40
1864   11  109.30
1864   12   54.30
1865    1   92.50
1865    2   74.60
1865    3   75.00
1865    4   55.90
1865    5   65.60
1865    6   63.80
1865    7   50.80
1865    8   71.80
1865    9   41.00
1865   10   32.50
1865   11   46.70
1865   12   24.30
1866    1   60.00
1866    2   72.90
1866    3   46.60
1866    4   33.50
1866    5   24.60
1866    6   31.40
1866    7   17.60
1866    8   24.20
1866    9   13.90
1866   10   26.80
1866   11   17.20
1866   12    2.90
1867    1    0.00
1867    2    1.40
1867    3   17.40
1867    4    9.70
1867    5    5.50
1867    6    2.80
1867    7    9.50
1867    8    9.10
1867    9   18.70
1867   10   25.50
1867   11   18.10
1867   12   47.90
1868    1   25.90
1868    2   26.30
1868    3   44.00
1868    4   61.10
1868    5   44.50
1868    6   51.80
1868    7   48.30
1868    8   57.30
1868    9   78.70
1868   10  102.80
1868   11   98.70
1868   12  112.80
1869    1  101.60
1869    2   99.90
1869    3   88.00
1869    4   68.40
1869    5  173.40
1869    6  180.70
1869    7   98.80
1869    8  132.70
1869    9  134.50
1869   10   99.00
1869   11  130.20
1869   12  174.10
1870    1  129.00
1870    2  191.70
1870    3  262.70
1870    4  266.90
1870    5  293.60
1870    6  226.30
1870    7  220.90
1870    8  256.50
1870    9  226.80
1870   10  244.30
1870   11  246.00
1870   12  216.70
1871    1  147.20
1871    2  209.00
1871    3  238.70
1871    4  270.90
1871    5  242.60
1871    6  152.90
1871    7  171.80
1871    8  183.70
1871    9  133.90
1871   10  148.50
1871   11  175.70
1871   12  150.80
1872    1  132.70
1872    2  200.30
1872    3  147.50
1872    4  170.40
1872    5  179.50
1872    6  183.30
1872    7  176.00
1872    8  155.00
1872    9  191.10
1872   10  171.20
1872   11  186.80
1872   12  139.90
1873    1  144.60
1873    2  178.40
1873    3  164.00
1873    4  127.10
1873    5   80.00
1873    6   74.80
1873    7  111.70
1873    8  113.80
1873    9   78.70
1873   10   78.60
1873   11   92.50
1873   12   82.00
1874    1  101.40
1874    2  107.10
1874    3   77.50
1874    4   53.50
1874    5   74.60
1874    6   63.80
1874    7  113.20
1874    8  102.30
1874    9   46.80
1874   10   57.40
1874   11   48.20
1874   12   48.80
1875    1   24.40
1875    2   35.90
1875    3   56.40
1875    4   48.60
1875    5   19.20
1875    6   39.90
1875    7   20.90
1875    8   24.40
1875    9    4.00
1875   10   21.30
1875   11   29.60
1875   12   16.50
1876    1   23.90
1876    2   25.10
1876    3   51.10
1876    4    3.90
1876    5    8.50
1876    6    2.70
1876    7   25.50
1876    8   14.80
1876    9   16.60
1876   10   23.90
1876   11   16.60
1876   12   13.60
1877    1   40.60
1877    2   14.50
1877    3   19.90
1877    4   26.30
1877    5   36.10
1877    6   23.60
1877    7   10.00
1877    8   10.50
1877    9   28.10
1877   10   11.20
1877   11   23.60
1877   12    3.50
1878    1    5.50
1878    2   11.00
1878    3   13.10
1878    4    0.20
1878    5    9.90
1878    6   10.70
1878    7    0.20
1878    8    0.00
1878    9    8.80
1878   10    1.90
1878   11    6.80
1878   12    0.90
1879    1    1.60
1879    2    0.90
1879    3    0.00
1879    4   10.40
1879    5    4.00
1879    6    8.00
1879    7   12.60
1879    8   17.90
1879    9   10.10
1879   10   20.40
1879   11   21.90
1879   12   12.20
1880    1   40.10
1880    2   45.40
1880    3   32.10
1880    4   32.40
1880    5   39.10
1880    6   56.90
1880    7   36.50
1880    8   80.30
1880    9  110.10
1880   10   71.70
1880   11   51.10
1880   12   49.40
1881    1   60.60
1881    2   88.60
1881    3   85.80
1881    4   86.10
1881    5   72.50
1881    6  100.80
1881    7  128.20
1881    8   97.30
1881    9   88.60
1881   10  107.30
1881   11   91.50
1881   12   78.80
1882    1   75.00
1882    2  115.90
1882    3  111.50
1882    4  159.60
1882    5  106.90
1882    6   75.40
1882    7   75.70
1882    8   67.50
1882    9   96.10
1882   10   98.60
1882   11  140.60
1882   12   69.70
1883    1  101.00
1883    2   78.20
1883    3   71.30
1883    4  136.80
1883    5   52.50
1883    6  127.20
1883    7  134.40
1883    8   76.60
1883    9   87.80
1883   10  139.60
1883   11  140.80
1883   12  126.50
1884    1  152.60
1884    2  144.80
1884    3  145.80
1884    4  126.90
1884    5  110.90
1884    6   85.30
1884    7   88.50
1884    8   93.10
1884    9  103.10
1884   10   79.60
1884   11   60.90
1884   12   78.60
1885    1   71.40
1885    2  119.70
1885    3   82.90
1885    4   91.70
1885    5  121.60
1885    6  139.50
1885    7  110.90
1885    8   83.50
1885    9   66.00
1885   10   64.50
1885   11   51.60
1885   12   36.30
1886    1   49.80
1886    2   43.20
1886    3   95.50
1886    4   72.90
1886    5   51.20
1886    6   45.30
1886    7   50.40
1886    8   28.10
1886    9   35.70
1886   10   14.40
1886   11    0.60
1886   12   21.70
1887    1   17.00
1887    2   22.00
1887    3    7.10
1887    4   11.60
1887    5   33.40
1887    6   26.10
1887    7   38.90
1887    8   35.70
1887    9   12.40
1887   10   11.00
1887   11   11.50
1887   12   34.50
1888    1   21.20
1888    2   11.80
1888    3   13.10
1888    4    8.50
1888    5   11.70
1888    6   11.80
1888    7    5.00
1888    8    4.60
1888    9   14.60
1888   10    3.40
1888   11   17.90
1888   12   11.10
1889    1    1.30
1889    2   14.20
1889    3   11.10
1889    4    7.30
1889    5    4.00
1889    6   10.80
1889    7   15.80
1889    8   34.30
1889    9   10.90
1889   10    3.40
1889   11    0.30
1889   12   11.20
1890    1    8.80
1890    2    1.10
1890    3    8.50
1890    4    2.70
1890    5    7.90
1890    6    2.20
1890    7   19.30
1890    8   14.20
1890    9   28.60
1890   10   18.60
1890   11   15.90
1890   12   13.10
1891    1   22.50
1891    2   36.90
1891    3   17.20
1891    4   34.20
1891    5   68.50
1891    6   80.40
1891    7   98.00
1891    8   55.10
1891    9   89.70
1891   10   86.00
1891   11   69.80
1891   12   54.30
1892    1  115.20
1892    2  126.10
1892    3   83.30
1892    4  116.00
1892    5  132.70
1892    6  127.30
1892    7  127.60
1892    8  169.00
1892    9  104.70
1892   10  117.50
1892   11  108.90
1892   12  131.00
1893    1  125.00
1893    2  121.60
1893    3  109.50
1893    4  146.80
1893    5  141.30
1893    6  149.80
1893    7  147.60
1893    8  215.40
1893    9  129.90
1893   10  133.30
1893   11  125.20
1893   12  156.40
1894    1  138.60
1894    2  141.00
1894    3   87.10
1894    4  136.00
1894    5  168.70
1894    6  164.80
1894    7  176.70
1894    8  117.10
1894    9  110.00
1894   10  125.70
1894   11   94.30
1894   12  100.10
1895    1  105.40
1895    2  112.00
1895    3  101.60
1895    4  128.20
1895    5  112.50
1895    6  119.10
1895    7   79.70
1895    8  114.90
1895    9   96.10
1895   10  113.20
1895   11   78.60
1895   12  117.90
1896    1   48.40
1896    2   95.70
1896    3   86.50
1896    4   73.00
1896    5   46.10
1896    6   81.70
1896    7   75.20
1896    8   45.40
1896    9  102.20
1896   10   47.90
1896   11   63.30
1896   12   71.00
1897    1   67.60
1897    2   49.00
1897    3   48.70
1897    4   51.70
1897    5   33.30
1897    6   18.90
1897    7   46.10
1897    8   36.40
1897    9   80.40
1897   10   23.90
1897   11   14.00
1897   12   55.50
1898    1   50.40
1898    2   60.70
1898    3   63.90
1898    4   24.20
1898    5   43.00
1898    6   37.10
1898    7   15.00
1898    8   52.30
1898    9   58.10
1898   10   57.10
1898   11   51.60
1898   12   21.10
1899    1   32.40
1899    2   15.30
1899    3   30.30
1899    4   23.60
1899    5   12.90
1899    6   34.10
1899    7   22.50
1899    8    4.90
1899    9   14.00
1899   10   21.70
1899   11   13.00
1899   12   17.60
1900    1   15.70
1900    2   22.80
1900    3   14.40
1900    4   26.80
1900    5   25.30
1900    6   20.10
1900    7   13.90
1900    8    7.10
1900    9   13.90
1900   10   21.60
1900   11    7.50
1900   12    0.50
1901    1    0.40
1901    2    4.00
1901    3    7.40
1901    4    0.00
1901    5   17.00
1901    6    9.70
1901    7    1.20
1901    8    1.70
1901    9    0.90
1901   10    6.30
1901   11    6.40
1901   12    0.00
1902    1    9.30
1902    2    0.00
1902    3   20.70
1902    4    0.00
1902    5    4.70
1902    6    2.40
1902    7    1.50
1902    8    3.80
1902    9   12.60
1902   10   27.20
1902   11   17.20
1902   12    1.80
1903    1   13.90
1903    2   28.40
1903    3   22.50
1903    4   43.50
1903    5   24.30
1903    6   27.20
1903    7   46.40
1903    8   48.00
1903    9   18.50
1903   10   64.80
1903   11   74.20
1903   12   76.20
1904    1   52.60
1904    2   40.80
1904    3   61.90
1904    4   71.60
1904    5   65.70
1904    6   69.80
1904    7   84.30
1904    8   97.10
1904    9   50.20
1904   10   90.40
1904   11   63.40
1904   12   91.10
1905    1   91.20
1905    2  143.00
1905    3   94.30
1905    4   65.50
1905    5   79.90
1905    6   81.60
1905    7  121.60
1905    8   98.10
1905    9   91.80
1905   10  131.20
1905   11  178.70
1905   12   92.50
1906    1   75.80
1906    2   52.30
1906    3  107.40
1906    4   92.20
1906    5   96.20
1906    6  105.30
1906    7  172.70
1906    8   79.60
1906    9   93.50
1906   10   29.70
1906   11   64.80
1906   12  108.00
1907    1  127.40
1907    2  180.30
1907    3  101.10
1907    4   87.60
1907    5   71.40
1907    6   67.20
1907    7   82.90
1907    8   90.50
1907    9  141.70
1907   10  109.10
1907   11  102.50
1907   12   78.90
1908    1   65.40
1908    2   56.60
1908    3   47.90
1908    4   96.10
1908    5   68.00
1908    6   80.20
1908    7   65.80
1908    8  150.90
1908    9  144.90
1908   10   53.90
1908   11   75.90
1908   12   65.90
1909    1   94.60
1909    2   77.60
1909    3  110.50
1909    4   53.70
1909    5   60.00
1909    6   37.80
1909    7   59.60
1909    8   38.50
1909    9   64.70
1909   10   97.40
1909   11   93.00
1909   12   90.20
1910    1   44.00
1910    2   52.50
1910    3   35.70
1910    4   14.10
1910    5   36.90
1910    6   20.50
1910    7   23.50
1910    8   19.30
1910    9   43.70
1910   10   63.90
1910   11    8.30
1910   12    9.60
1911    1    5.60
1911    2   15.00
1911    3   13.00
1911    4   27.60
1911    5   15.10
1911    6    3.70
1911    7    5.90
1911    8    6.70
1911    9    6.70
1911   10    4.50
1911   11    7.00
1911   12    3.70
1912    1    0.40
1912    2    0.00
1912    3    8.20
1912    4    7.60
1912    5    7.40
1912    6    6.90
1912    7    4.90
1912    8    0.50
1912    9   15.90
1912   10    7.60
1912   11    1.90
1912   12   10.60
1913    1    3.80
1913    2    4.80
1913    3    0.80
1913    4    1.60
1913    5    0.00
1913    6    0.00
1913    7    2.90
1913    8    0.40
1913    9    2.00
1913   10    5.20
1913   11    1.20
1913   12    6.30
1914    1    4.70
1914    2    4.40
1914    3    5.30
1914    4   28.90
1914    5    8.70
1914    6   19.10
1914    7    9.10
1914    8   12.90
1914    9   21.20
1914   10   13.70
1914   11   27.30
1914   12   37.30
1915    1   38.50
1915    2   70.40
1915    3   64.80
1915    4   68.90
1915    5   55.10
1915    6  114.70
1915    7  119.40
1915    8  116.00
1915    9   82.40
1915   10   89.10
1915   11   70.90
1915   12   57.50
1916    1   75.50
1916    2   92.40
1916    3  111.70
1916    4  119.80
1916    5  124.00
1916    6  112.90
1916    7   89.30
1916    8   58.60
1916    9   75.10
1916   10   84.50
1916   11  109.50
1916   12   88.30
1917    1  124.50
1917    2  119.90
1917    3  158.00
1917    4  124.60
1917    5  190.20
1917    6  191.40
1917    7  199.70
1917    8  257.70
1917    9  215.60
1917   10  120.30
1917   11  160.70
1917   12  215.50
1918    1  160.00
1918    2  108.70
1918    3  120.40
1918    4  134.10
1918    5  127.90
1918    6   99.00
1918    7  179.50
1918    8  169.60
1918    9  133.20
1918   10  141.70
1918   11  139.00
1918   12   98.50
1919    1   80.20
1919    2  132.50
1919    3  110.90
1919    4   86.30
1919    5  146.90
1919    6  185.30
1919    7  107.80
1919    8  115.10
1919    9   91.10
1919   10   88.00
1919   11   69.90
1919   12   58.00
1920    1   85.30
1920    2   89.80
1920    3  116.90
1920    4   24.70
1920    5   55.40
1920    6   64.60
1920    7   45.70
1920    8   31.90
1920    9   60.50
1920   10   82.70
1920   11   45.30
1920   12   49.80
1921    1   52.50
1921    2   47.10
1921    3   44.50
1921    4   54.00
1921    5   37.00
1921    6   56.20
1921    7   69.70
1921    8   38.00
1921    9   29.60
1921   10   30.30
1921   11   29.60
1921   12   33.90
1922    1   19.70
1922    2   43.90
1922    3   91.30
1922    4   18.30
1922    5   13.40
1922    6    9.80
1922    7   18.30
1922    8   10.90
1922    9    7.80
1922   10   10.40
1922   11   12.20
1922   12   29.00
1923    1    7.50
1923    2    2.50
1923    3    5.50
1923    4   10.20
1923    5    5.30
1923    6   15.30
1923    7    5.90
1923    8    0.80
1923    9   22.10
1923   10   19.50
1923   11   16.70
1923   12    4.60
1924    1    0.80
1924    2    8.50
1924    3    3.00
1924    4   18.90
1924    5   34.60
1924    6   40.00
1924    7   46.90
1924    8   32.10
1924    9   41.90
1924   10   42.60
1924   11   37.50
1924   12   27.50
1925    1    9.10
1925    2   38.60
1925    3   30.00
1925    4   53.00
1925    5   71.40
1925    6   79.10
1925    7   64.20
1925    8   63.30
1925    9  100.30
1925   10  115.30
1925   11   97.60
1925   12  164.40
1926    1  119.70
1926    2  116.40
1926    3  104.20
1926    4   64.20
1926    5  107.00
1926    6  122.40
1926    7   87.20
1926    8  102.70
1926    9  101.40
1926   10  119.30
1926   11  100.80
1926   12  132.40
1927    1  136.00
1927    2  155.10
1927    3  116.10
1927    4  155.80
1927    5  131.90
1927    6   98.50
1927    7   91.60
1927    8   89.60
1927    9  114.10
1927   10  105.20
1927   11  112.10
1927   12   75.30
1928    1  139.20
1928    2  122.40
1928    3  142.40
1928    4  134.30
1928    5  128.30
1928    6  152.40
1928    7  163.40
1928    8  139.60
1928    9  149.60
1928   10  102.30
1928   11   83.90
1928   12   98.30
1929    1  114.80
1929    2  104.70
1929    3   83.80
1929    4   87.90
1929    5   97.00
1929    6  119.90
1929    7  117.10
1929    8  109.60
1929    9   57.30
1929   10   90.10
1929   11  135.10
1929   12  179.90
1930    1  108.80
1930    2   83.10
1930    3   58.40
1930    4   63.70
1930    5   61.40
1930    6   48.00
1930    7   36.50
1930    8   41.50
1930    9   53.50
1930   10   57.20
1930   11   59.40
1930   12   43.00
1931    1   24.40
1931    2   71.80
1931    3   50.10
1931    4   52.00
1931    5   40.80
1931    6   25.50
1931    7   29.00
1931    8   21.60
1931    9   31.70
1931   10   16.60
1931   11   31.20
1931   12   29.70
1932    1   20.10
1932    2   17.60
1932    3   18.80
1932    4   18.70
1932    5   29.70
1932    6   36.90
1932    7   16.00
1932    8   11.30
1932    9    6.60
1932   10   14.80
1932   11   13.70
1932   12   18.50
1933    1   20.40
1933    2   36.90
1933    3   16.80
1933    4    4.90
1933    5    5.30
1933    6    8.70
1933    7    4.70
1933    8    0.40
1933    9    8.50
1933   10    5.00
1933   11    1.00
1933   12    0.40
1934    1    5.70
1934    2   12.90
1934    3    7.20
1934    4   18.80
1934    5   32.90
1934    6   11.20
1934    7   15.30
1934    8   13.90
1934    9    6.70
1934   10    9.50
1934   11   14.50
1934   12   25.70
1935    1   31.10
1935    2   34.10
1935    3   38.50
1935    4   20.40
1935    5   45.40
1935    6   76.20
1935    7   56.50
1935    8   50.20
1935    9   70.10
1935   10   88.70
1935   11  107.00
1935   12  102.50
1936    1  104.70
1936    2  123.90
1936    3  128.40
1936    4  124.80
1936    5   90.90
1936    6  116.70
1936    7   87.20
1936    8  145.00
1936    9  126.70
1936   10  148.20
1936   11  192.30
1936   12  205.60
1937    1  220.90
1937    2  214.10
1937    3  139.70
1937    4  182.20
1937    5  194.40
1937    6  217.10
1937    7  241.80
1937    8  229.50
1937    9  167.90
1937   10  208.20
1937   11  123.90
1937   12  147.90
1938    1  164.00
1938    2  198.60
1938    3  144.20
1938    4  168.40
1938    5  212.30
1938    6  162.60
1938    7  275.60
1938    8  192.80
1938    9  149.30
1938   10  165.30
1938   11  203.60
1938   12  154.70
1939    1  133.90
1939    2  129.00
1939    3  107.80
1939    4  181.90
1939    5  197.30
1939    6  168.30
1939    7  162.60
1939    8  176.30
1939    9  187.70
1939   10  146.90
1939   11  113.70
1939   12   70.20
1940    1   84.10
1940    2   99.10
1940    3  138.90
1940    4  101.10
1940    5   90.60
1940    6  139.80
1940    7  112.50
1940    8  175.90
1940    9  110.80
1940   10   91.50
1940   11   97.40
1940   12  113.80
1941    1   76.10
1941    2   74.30
1941    3   77.50
1941    4   54.60
1941    5   49.00
1941    6   99.60
1941    7  111.40
1941    8  100.10
1941    9  109.80
1941   10   77.20
1941   11   64.00
1941   12   56.20
1942    1   59.50
1942    2   87.90
1942    3   90.40
1942    4  101.20
1942    5   41.80
1942    6   18.90
1942    7   29.60
1942    8   33.70
1942    9   28.70
1942   10   32.00
1942   11   51.30
1942   12   37.60
1943    1   20.70
1943    2   48.10
1943    3   45.70
1943    4   43.50
1943    5   23.60
1943    6   12.70
1943    7   22.00
1943    8   32.30
1943    9   16.70
1943   10   13.00
1943   11   17.00
1943   12   31.40
1944    1    6.10
1944    2    0.80
1944    3   18.30
1944    4    0.40
1944    5    4.10
1944    6    8.20
1944    7    8.50
1944    8   27.90
1944    9   23.70
1944   10   28.10
1944   11   17.90
1944   12   47.40
1945    1   30.80
1945    2   21.20
1945    3   35.90
1945    4   53.40
1945    5   51.00
1945    6   60.20
1945    7   71.00
1945    8   43.10
1945    9   58.10
1945   10  114.50
1945   11   76.60
1945   12   45.70
1946    1   79.30
1946    2  143.80
1946    3  127.70
1946    4  126.10
1946    5  141.60
1946    6  122.60
1946    7  193.70
1946    8  178.70
1946    9  157.40
1946   10  170.50
1946   11  206.30
1946   12  202.90
1947    1  163.70
1947    2  188.90
1947    3  183.80
1947    4  212.10
1947    5  285.00
1947    6  232.10
1947    7  223.50
1947    8  267.40
1947    9  239.90
1947   10  231.70
1947   11  181.30
1947   12  164.90
1948    1  153.60
1948    2  122.00
1948    3  134.30
1948    4  268.50
1948    5  246.40
1948    6  237.50
1948    7  201.40
1948    8  223.70
1948    9  202.90
1948   10  192.90
1948   11  135.60
1948   12  195.30
1949    1  168.60
1949    2  258.00
1949    3  223.00
1949    4  208.10
1949    5  150.40
1949    6  172.40
1949    7  178.30
1949    8  175.30
1949    9  205.80
1949   10  186.30
1949   11  203.20
1949   12  166.60
1950    1  143.90
1950    2  134.30
1950    3  155.40
1950    4  160.60
1950    5  150.50
1950    6  118.30
1950    7  128.90
1950    8  120.60
1950    9   72.70
1950   10   87.00
1950   11   77.70
1950   12   76.70
1951    1   85.00
1951    2   84.80
1951    3   79.30
1951    4  131.70
1951    5  153.70
1951    6  142.40
1951    7   87.20
1951    8   86.50
1951    9  117.70
1951   10   73.30
1951   11   74.20
1951   12   65.00
1952    1   57.90
1952    2   32.40
1952    3   31.50
1952    4   41.70
1952    5   33.60
1952    6   52.00
1952    7   56.10
1952    8   77.80
1952    9   40.40
1952   10   34.20
1952   11   31.80
1952   12   48.90
1953    1   37.90
1953    2    5.90
1953    3   14.70
1953    4   39.60
1953    5   18.30
1953    6   31.50
1953    7   12.70
1953    8   33.60
1953    9   28.00
1953   10   12.30
1953   11    2.50
1953   12    3.90
1954    1    0.40
1954    2    0.80
1954    3   15.80
1954    4    2.70
1954    5    1.20
1954    6    0.40
1954    7    7.30
1954    8   12.60
1954    9    2.30
1954   10   10.50
1954   11   13.40
1954   12   11.30
1955    1   33.40
1955    2   29.90
1955    3    7.30
1955    4   16.40
1955    5   41.30
1955    6   45.20
1955    7   38.20
1955    8   58.00
1955    9   60.80
1955   10   83.00
1955   11  126.30
1955   12  108.80
1956    1  104.10
1956    2  175.60
1956    3  167.70
1956    4  156.70
1956    5  193.40
1956    6  165.10
1956    7  182.70
1956    8  240.20
1956    9  245.40
1956   10  219.90
1956   11  285.00
1956   12  272.00
1957    1  233.70
1957    2  184.50
1957    3  222.80
1957    4  248.00
1957    5  233.00
1957    6  284.30
1957    7  265.10
1957    8  223.70
1957    9  334.00
1957   10  359.40
1957   11  298.60
1957   12  339.00
1958    1  286.70
1958    2  233.60
1958    3  270.00
1958    4  277.60
1958    5  248.20
1958    6  242.90
1958    7  271.00
1958    8  283.50
1958    9  285.10
1958   10  256.90
1958   11  215.60
1958   12  265.70
1959    1  307.70
1959    2  202.60
1959    3  263.00
1959    4  231.30
1959    5  243.60
1959    6  238.90
1959    7  211.90
1959    8  282.60
1959    9  205.60
1959   10  157.70
1959   11  175.60
1959   12  177.10
1960    1  207.20
1960    2  149.90
1960    3  144.60
1960    4  172.70
1960    5  169.30
1960    6  156.00
1960    7  172.40
1960    8  190.00
1960    9  180.10
1960   10  117.30
1960   11  126.90
1960   12  121.20
1961    1   82.10
1961    2   65.40
1961    3   75.20
1961    4   86.90
1961    5   72.30
1961    6  109.50
1961    7   99.30
1961    8   79.20
1961    9   90.10
1961   10   53.70
1961   11   46.50
1961   12   56.90
1962    1   55.10
1962    2   71.70
1962    3   64.90
1962    4   65.90
1962    5   61.90
1962    6   59.60
1962    7   31.40
1962    8   31.50
1962    9   72.70
1962   10   56.10
1962   11   38.80
1962   12   33.20
1963    1   28.70
1963    2   35.20
1963    3   24.80
1963    4   41.70
1963    5   61.10
1963    6   51.20
1963    7   28.70
1963    8   47.50
1963    9   55.20
1963   10   50.10
1963   11   33.70
1963   12   21.60
1964    1   22.60
1964    2   25.30
1964    3   24.10
1964    4   12.90
1964    5   14.30
1964    6   13.50
1964    7    4.80
1964    8   13.80
1964    9    7.00
1964   10    9.20
1964   11   11.10
1964   12   22.10
1965    1   25.40
1965    2   20.80
1965    3   17.50
1965    4   10.20
1965    5   34.50
1965    6   23.30
1965    7   17.30
1965    8   13.30
1965    9   24.50
1965   10   29.10
1965   11   22.80
1965   12   24.70
1966    1   40.30
1966    2   35.30
1966    3   36.40
1966    4   69.00
1966    5   64.20
1966    6   67.70
1966    7   80.20
1966    8   72.60
1966    9   71.10
1966   10   81.20
1966   11   81.00
1966   12   99.80
1967    1  157.00
1967    2  132.60
1967    3  158.30
1967    4   98.40
1967    5  122.50
1967    6   95.40
1967    7  129.50
1967    8  151.80
1967    9  108.70
1967   10  125.00
1967   11  133.60
1967   12  179.00
1968    1  172.50
1968    2  158.50
1968    3  130.50
1968    4  115.00
1968    5  180.00
1968    6  156.20
1968    7  136.20
1968    8  154.80
1968    9  166.00
1968   10  152.50
1968   11  121.70
1968   12  155.50
1969    1  147.80
1969    2  170.50
1969    3  192.30
1969    4  151.10
1969    5  169.90
1969    6  150.10
1969    7  137.10
1969    8  138.80
1969    9  129.30
1969   10  135.40
1969   11  132.40
1969   12  138.60
1970    1  157.90
1970    2  180.80
1970    3  145.70
1970    4  155.10
1970    5  180.50
1970    6  151.30
1970    7  159.30
1970    8  131.70
1970    9  140.80
1970   10  122.60
1970   11  134.80
1970   12  118.20
1971    1  129.20
1971    2  111.80
1971    3   85.90
1971    4  101.60
1971    5   81.50
1971    6   70.70
1971    7  114.70
1971    8   87.00
1971    9   71.30
1971   10   73.40
1971   11   89.50
1971   12  116.50
1972    1   87.00
1972    2  125.30
1972    3  113.50
1972    4   89.60
1972    5  113.90
1972    6  124.70
1972    7  108.30
1972    8  108.90
1972    9   90.70
1972   10   86.90
1972   11   59.20
1972   12   64.30
1973    1   61.80
1973    2   60.90
1973    3   65.40
1973    4   81.80
1973    5   60.30
1973    6   56.10
1973    7   33.20
1973    8   36.60
1973    9   84.10
1973   10   43.70
1973   11   34.30
1973   12   33.30
1974    1   39.40
1974    2   37.30
1974    3   30.90
1974    4   57.50
1974    5   56.30
1974    6   51.50
1974    7   79.10
1974    8   47.90
1974    9   57.20
1974   10   67.20
1974   11   35.90
1974   12   29.60
1975    1   27.30
1975    2   16.70
1975    3   16.90
1975    4    7.70
1975    5   13.10
1975    6   16.70
1975    7   40.40
1975    8   56.70
1975    9   20.30
1975   10   13.60
1975   11   27.90
1975   12   11.60
1976    1   11.90
1976    2    6.40
1976    3   31.50
1976    4   27.30
1976    5   18.20
1976    6   17.90
1976    7    2.90
1976    8   24.10
1976    9   20.00
1976   10   29.70
1976   11    7.90
1976   12   22.30
1977    1   23.80
1977    2   33.30
1977    3   13.00
1977    4   19.00
1977    5   27.00
1977    6   54.90
1977    7   30.60
1977    8   43.00
1977    9   62.40
1977   10   62.10
1977   11   41.60
1977   12   61.40
1978    1   73.70
1978    2  132.60
1978    3  108.40
1978    4  141.20
1978    5  117.10
1978    6  134.60
1978    7   99.70
1978    8   82.40
1978    9  195.70
1978   10  177.10
1978   11  138.50
1978   12  173.90
1979    1  235.90
1979    2  194.70
1979    3  195.30
1979    4  143.70
1979    5  190.30
1979    6  211.70
1979    7  225.70
1979    8  201.40
1979    9  266.90
1979   10  263.60
1979   11  259.50
1979   12  249.60
1980    1  226.10
1980    2  219.40
1980    3  178.70
1980    4  232.20
1980    5  254.70
1980    6  222.70
1980    7  192.90
1980    8  191.70
1980    9  219.60
1980   10  233.30
1980   11  209.50
1980   12  246.90
1981    1  156.60
1981    2  189.90
1981    3  196.60
1981    4  225.30
1981    5  194.70
1981    6  131.60
1981    7  205.30
1981    8  242.50
1981    9  245.30
1981   10  216.20
1981   11  186.00
1981   12  195.40
1982    1  149.80
1982    2  230.90
1982    3  221.10
1982    4  170.30
1982    5  119.30
1982    6  163.70
1982    7  139.40
1982    8  161.90
1982    9  167.40
1982   10  134.30
1982   11  127.50
1982   12  169.00
1983    1  115.50
1983    2   73.10
1983    3   88.70
1983    4  109.60
1983    5  132.50
1983    6  131.50
1983    7  108.90
1983    8   96.00
1983    9   69.90
1983   10   72.50
1983   11   45.70
1983   12   45.60
1984    1   74.80
1984    2  110.20
1984    3  116.70
1984    4   90.40
1984    5   96.90
1984    6   65.10
1984    7   55.70
1984    8   35.00
1984    9   22.60
1984   10   12.60
1984   11   26.50
1984   12   21.40
1985    1   17.80
1985    2   20.70
1985    3   16.90
1985    4   20.40
1985    5   32.40
1985    6   28.30
1985    7   39.90
1985    8   10.10
1985    9    4.30
1985   10   22.00
1985   11   17.90
1985   12   15.80
1986    1    2.80
1986    2   27.90
1986    3   13.80
1986    4   22.40
1986    5   16.10
1986    6    0.60
1986    7   18.10
1986    8    9.90
1986    9    5.10
1986   10   40.10
1986   11   15.40
1986   12    5.80
1987    1    9.80
1987    2    3.40
1987    3   17.40
1987    4   46.00
1987    5   39.10
1987    6   18.80
1987    7   38.20
1987    8   47.90
1987    9   42.20
1987   10   63.40
1987   11   48.80
1987   12   29.10
1988    1   70.50
1988    2   45.40
1988    3   91.20
1988    4  108.80
1988    5   74.20
1988    6  124.30
1988    7  131.40
1988    8  139.40
1988    9  142.70
1988   10  156.50
1988   11  156.80
1988   12  231.20
1989    1  210.10
1989    2  208.70
1989    3  170.40
1989    4  166.30
1989    5  195.40
1989    6  284.50
1989    7  180.50
1989    8  232.00
1989    9  225.10
1989   10  212.20
1989   11  238.20
1989   12  211.40
1990    1  227.40
1990    2  171.80
1990    3  191.70
1990    4  189.70
1990    5  175.20
1990    6  153.30
1990    7  191.10
1990    8  252.10
1990    9  169.10
1990   10  199.40
1990   11  178.80
1990   12  197.10
1991    1  195.30
1991    2  240.30
1991    3  197.00
1991    4  197.60
1991    5  166.90
1991    6  224.70
1991    7  240.20
1991    8  240.80
1991    9  168.90
1991   10  197.10
1991   11  159.50
1991   12  212.60
1992    1  198.30
1992    2  230.70
1992    3  151.00
1992    4  142.20
1992    5   94.30
1992    6   98.50
1992    7  114.20
1992    8   91.90
1992    9   94.00
1992   10  133.40
1992   11  129.60
1992   12  122.00
1993    1   81.40
1993    2  127.80
1993    3  102.40
1993    4   94.40
1993    5   78.80
1993    6   69.60
1993    7   80.40
1993    8   62.50
1993    9   31.20
1993   10   71.10
1993   11   48.20
1993   12   68.40
1994    1   84.90
1994    2   54.90
1994    3   47.50
1994    4   27.40
1994    5   29.80
1994    6   39.70
1994    7   50.60
1994    8   34.30
1994    9   40.50
1994   10   67.10
1994   11   29.50
1994   12   32.20
1995    1   32.60
1995    2   45.80
1995    3   46.30
1995    4   21.60
1995    5   19.40
1995    6   22.50
1995    7   20.40
1995    8   18.20
1995    9   15.70
1995   10   30.60
1995   11   14.00
1995   12   14.90
1996    1   13.30
1996    2    7.70
1996    3   12.60
1996    4    6.80
1996    5    7.60
1996    6   16.50
1996    7   11.80
1996    8   19.70
1996    9    3.00
1996   10    0.70
1996   11   24.90
1996   12   14.00
1997    1    7.40
1997    2   11.00
1997    3   12.10
1997    4   23.00
1997    5   25.40
1997    6   20.80
1997    7   12.90
1997    8   35.70
1997    9   59.70
1997   10   32.80
1997   11   50.40
1997   12   55.50
1998    1   44.50
1998    2   50.20
1998    3   82.00
1998    4   70.60
1998    5   74.00
1998    6   90.50
1998    7   96.70
1998    8  121.10
1998    9  132.00
1998   10   78.50
1998   11   97.30
1998   12  119.20
1999    1   86.00
1999    2   98.00
1999    3  103.50
1999    4   93.60
1999    5  149.60
1999    6  207.20
1999    7  173.50
1999    8  142.30
1999    9  106.30
1999   10  168.70
1999   11  188.30
1999   12  116.80
2000    1  133.10
2000    2  165.70
2000    3  217.70
2000    4  191.50
2000    5  165.90
2000    6  188.00
2000    7  244.30
2000    8  180.50
2000    9  156.00
2000   10  141.60
2000   11  158.10
2000   12  143.30
2001    1  142.60
2001    2  121.50
2001    3  165.80
2001    4  161.70
2001    5  142.10
2001    6  202.90
2001    7  123.00
2001    8  161.50
2001    9  238.20
2001   10  194.10
2001   11  176.60
2001   12  213.40
2002    1  184.60
2002    2  170.20
2002    3  147.10
2002    4  186.90
2002    5  187.50
2002    6  128.80
2002    7  161.00
2002    8  175.60
2002    9  187.90
2002   10  151.20
2002   11  147.20
2002   12  135.30
2003    1  133.50
2003    2   75.70
2003    3  100.70
2003    4   97.90
2003    5   86.80
2003    6  118.70
2003    7  128.30
2003    8  115.40
2003    9   78.50
2003   10   97.80
2003   11   82.90
2003   12   72.20
2004    1   60.60
2004    2   74.60
2004    3   74.80
2004    4   59.20
2004    5   72.80
2004    6   66.50
2004    7   83.80
2004    8   69.70
2004    9   48.80
2004   10   74.20
2004   11   70.10
2004   12   28.90
2005    1   48.10
2005    2   43.50
2005    3   39.60
2005    4   38.70
2005    5   61.90
2005    6   56.80
2005    7   62.40
2005    8   60.50
2005    9   37.20
2005   10   13.20
2005   11   27.50
2005   12   59.30
2006    1   20.90
2006    2    5.70
2006    3   17.30
2006    4   50.30
2006    5   37.20
2006    6   24.50
2006    7   22.20
2006    8   20.80
2006    9   23.70
2006   10   14.90
2006   11   35.70
2006   12   22.30
2007    1   29.30
2007    2   18.40
2007    3    7.20
2007    4    5.40
2007    5   19.50
2007    6   21.30
2007    7   15.10
2007    8    9.80
2007    9    4.00
2007   10    1.50
2007   11    2.80
2007   12   17.30
2008    1    4.10
2008    2    2.90
2008    3   15.50
2008    4    3.60
2008    5    4.60
2008    6    5.20
2008    7    0.60
2008    8    0.30
2008    9    1.20
2008   10    4.20
2008   11    6.60
2008   12    1.00
2009    1    1.30
2009    2    1.20
2009    3    0.60
2009    4    1.20
2009    5    2.90
2009    6    6.30
2009    7    5.50
2009    8    0.00
2009    9    7.10
2009   10    7.70
2009   11    6.90
2009   12   16.30
2010    1   19.50
2010    2   28.50
2010    3   24.00
2010    4   10.40
2010    5   13.90
2010    6   18.80
2010    7   25.20
2010    8   29.60
2010    9   36.40
2010   10   33.60
2010   11   34.40
2010   12   24.50
2011    1   27.30
2011    2   48.30
2011    3   78.60
2011    4   76.10
2011    5   58.20
2011    6   56.10
2011    7   64.50
2011    8   65.80
2011    9  120.10
2011   10  125.70
2011   11  139.10
2011   12  109.30
2012    1   94.40
2012    2   47.80
2012    3   86.60
2012    4   85.90
2012    5   96.50
2012    6   92.00
2012    7  100.10
2012    8   94.80
2012    9   93.70
2012   10   76.50
2012   11   87.60
2012   12   56.80
2013    1   96.10
2013    2   60.90
2013    3   78.30
2013    4  107.30
2013    5  120.20
2013    6   76.70
2013    7   86.20
2013    8   91.80
2013    9   54.50
2013   10  114.40
2013   11  113.90
2013   12  124.20
2014    1  117.00
2014    2  146.10
2014    3  128.70
2014    4  112.50
2014    5  112.50
2014    6  102.90
2014    7  100.20
2014    8  106.90
2014    9  130.00
2014   10   90.00
2014   11  103.60
2014   12  112.90
2015    1   93.00
2015    2   66.70
2015    3   54.50
2015    4   75.30
2015    5   88.80
2015    6   66.50
2015    7   65.80
2015    8   64.40
2015    9   78.60
2015   10   61.70
2015   11   63.20
2015   12   57.70
