   62.5589    53.7679    38.2229    41.9573    53.8179    60.2510    67.9241    28.9366    38.5330    48.8972    64.1288    39.6712    58.1406    48.7100    68.2311    55.1974    46.6610    48.1863    59.2643    59.3496    52.7892    67.7412    44.0264    69.8791    41.4326    45.7084    65.5346    50.1425    44.7869    51.8764    42.9343    61.1051    39.5653    38.1650    50.9889    54.0900    49.4836    52.8246    44.7909    51.9431    43.0525    74.0634    47.5512    42.1733    52.8323    56.1677    59.9329    55.1217    71.6331    46.9307    69.8322
   59.4690    54.2997    39.0192    42.6398    47.6008    56.2015    49.4757    52.5289    44.6668    51.1906    40.3568    45.8868    62.7337    54.9341    31.7877    56.8383    45.3927    50.2469    65.9273    64.5716    40.9293    65.4854    26.3465    55.7080    59.2343    37.3645    71.9550    58.2737    37.9375    37.3433    49.3376    72.2402    52.2854    41.8717    40.0952    40.7908    42.5462    59.1543    54.9000    40.4380    43.7401    52.6969    46.8881    35.3003    45.0867    45.4723    47.1484    57.5501    68.4030    54.3970    53.7412
   53.0325    31.3877    51.6039    41.9573    45.9478    30.9452    60.2489    45.6559    43.0424    47.9132    58.7173    56.4329    61.3298    62.3353    53.1352    50.1996    62.1602    49.8918    50.3861    62.3969    62.0410    59.6261    52.8503    47.7651    54.2649    65.0109    25.5041    38.6802    70.5375    50.6233    46.7100    65.7916    37.3014    45.6262    55.0806    46.5249    55.0830    55.0597    44.2015    28.2745    42.5739    30.7631    39.8799    33.8570    46.3467    49.1915    42.9970    43.8606    50.4022    38.3459    53.6901
   37.0258    44.0308    40.2283    36.2119    41.0813    46.3433    39.6018    34.5041    45.6310    45.2006    42.2795    40.0390    49.5703    55.6630    80.8661    64.4296    77.2106    52.6662    57.9710    63.1901    48.1600    43.2342    42.3703    44.1975    53.4470    52.6902    66.1185    57.7137    44.5555    42.2836    61.6485    39.4412    55.8976    65.2459    44.3690    63.6883    56.8212    45.8369    45.7801    59.6288    44.1096    29.5750    26.3720    48.5059    44.2115    35.8368    39.5376    39.2717    48.3056    49.5128    39.6884
   30.3319    39.1133    50.1976    38.4509    38.1855    39.0791    29.7429    42.3298    46.2586    18.4749    31.0773    50.6858    47.3817    48.7350    53.0795    41.3187    56.3234    65.1049    43.8666    63.5591    51.9882    68.4576    70.0694    77.3612    70.3563    59.9058    69.7362    66.8413    60.5002    71.9803    71.6441    48.4423    60.2652    56.6859    74.1309    41.8902    46.3730    31.6380    31.8925    69.9589    47.4158    56.8280    38.5912    42.5100    31.1895    21.8608    54.8865    39.4197    32.0692    37.0905    50.4478
   35.2180    46.2290    33.4649    30.0414    47.1936    22.4767    45.1102    51.7442    41.1759    50.5340    61.6797    44.7254    49.9747    51.8303    46.7946    81.8803    54.8371    75.3766    59.1265    59.2773    67.0287    71.7837    52.0360    79.5208    72.9371    63.8050    73.8744    59.5204    73.6210    43.0970    64.8653    63.2158    67.4762    76.2053    52.4056    65.1809    50.4263    47.2545    45.9570    49.5749    31.3138    39.8124    37.8320    24.6648    48.2845    33.1193    32.8694    48.0174    37.0494    32.6803    30.5219
   41.7842    24.0285    30.7290    33.8188    28.4902    36.5919    30.6376    40.8744    39.3642    48.8085    45.1379    37.3766    47.4712    49.1830    68.5514    59.8090    55.5365    52.6669    63.0828    48.5934    38.7144    75.8239    66.1352    95.5936    95.1795    84.0290    62.0138    65.5408    82.4852    79.2488    53.4362    64.5331    63.1513    47.8501    71.0262    35.4143    40.4525    50.1138    49.8043    35.4401    53.6639    40.1622    32.9170    38.9146    32.7709    21.7109    20.1151    34.2661    28.2994    22.4148    35.7828
   31.0056    23.5923    36.0663    26.3730    30.7758    30.9391    36.8674    45.5060    41.0173    43.1718    44.6370    38.9040    46.1127    38.8812    64.6397    54.2898    44.2553    70.3497    67.2517    72.9157    69.0948    54.5375    48.1144    64.2523    83.0068    54.8554    77.4688    81.5133    74.4908    83.2647    74.8747    64.3309    48.8540    33.4748    58.0495    43.3966    58.5269    64.5216    46.9977    35.0630    28.5384    40.7177    36.3259    42.4382    32.3051    37.6714    33.8863    37.8706    33.0700    22.3640    30.3079
   16.2137    21.0065    23.5823    22.9441    30.6612    23.4112    46.6152    39.3909    43.6273    49.1055    17.2738    41.1119    48.7737    57.7258    75.0616    61.6322    61.7469    79.3662    68.8484    64.5273    56.0258    46.5957    64.3053    64.6640    66.6741    74.7000    90.3429    63.2075    51.9028    69.9540    58.0580    90.0650    79.4541    95.6184    48.8963    64.6872    59.6532    45.8231    57.9310    43.6759    34.6600    41.9259    30.7177    29.7224    31.4795    30.3922    24.6756    19.2609    28.5331    33.5464    27.4520
   18.6387    27.6222    22.6538    32.8403    28.2536    20.4305    27.0984    42.2521    44.4672    33.8581    43.6743    41.2635    34.6658    34.8410    76.1368    61.1841    69.3366    51.9603    84.0149    65.8945    58.8993    50.4377    66.5558    75.8213    94.6387    68.7407    53.9726    84.9389    69.8075    73.7928    83.5382    68.5607    72.4981    61.6614    73.7879    53.9014    23.3855    51.0434    45.4530    61.4996    56.3069    35.2690    47.7829    39.4965    35.9879    28.9519    24.5014    23.2712    26.1178    25.9727    24.9932
   22.9227    17.0487    16.5512    20.3140    20.3528    29.9432    23.8988    34.8795    45.8861    30.8606    45.6785    44.0390    44.9463    61.6394    55.6623    58.1096    74.9725    63.6568    57.7241    77.9457    95.2532    79.2646    71.4433    44.0155   109.9802   106.0878    95.6243    96.0587    65.0106    79.3967    73.7731    88.1930    64.1831    75.0149    65.8007    77.9512    63.6466    61.8553    56.4322    43.3754    51.2417    49.6425    30.5390    36.9269    24.0747    20.7249    22.1925    25.9858    28.0422    20.8675    18.5838
   20.2130    17.0091    18.9000    21.8692    26.5335    26.8562    22.5434    37.9756    34.1081    41.9448    36.8589    41.2189    33.0890    50.3363    80.7698    64.1622    92.7946    72.7415    70.5589    64.9520    86.3281    75.3542    59.1273    87.9012   114.9373    85.2188    79.5272    93.1654    39.4548    73.2989    45.4260    34.7442    80.3200    67.2275    64.8815    57.5596    61.6321    55.5748    57.0637    47.1061    38.9460    42.3188    37.5542    30.2362    29.1443    29.6785    24.3858    17.7419    19.8189    19.5634    25.1400
   17.2855    21.0150    11.3823    16.7572    19.0476    25.8456    24.5393    25.8381    39.5932    44.5107    33.8251    49.5502    48.7567    57.1387    44.3149    54.4436    56.6773    54.6771    85.5683    80.5574    95.4036    82.0085   112.6965    76.1779    92.9461   114.1495    51.5420   116.8903    93.2119    58.0230    98.7263    81.3788    67.9023    71.5123    79.0645    48.9524    62.3937    41.0233    69.1196    49.1543    39.6163    35.5219    30.2202    32.2151    29.5827    26.4103    26.9048    13.6901    15.9117    16.4077    11.8172
   15.3740    12.7954    12.1646    21.0220    15.3683    10.9954    25.5066    29.8875    27.1307    27.5734    50.1578    26.6380    34.4932    26.4769    58.6971    54.4893    67.6868    66.2258    74.0479    63.7705    98.4662    78.6566    95.2029    64.1702    99.0662    76.9076   119.4262    67.6712    57.8388    65.3453    68.6828    81.2565    77.6557    80.2175    51.3663    55.9948    62.4600    56.1135    46.5863    52.7016    28.6851    24.0476    36.8266    18.6088    17.4678    22.9070    19.0874    15.8168    19.1461    12.3736    14.5190
   19.7027     8.7674    14.0665    16.1242    13.2556    20.2397    18.8635    27.7794    31.5286    27.1045    51.0734    29.1519    48.6210    44.2754    69.5819    67.7362    64.8219    77.6915    67.4460    63.0269    90.8086    75.2001    86.5177    92.9567    63.7353   113.5762    75.4388    62.0603    89.9532    73.6833    97.8763   101.7195    68.9191    86.9938    66.7619    45.2434    54.0584    36.7944    65.5545    38.6916    31.5295    33.6264    28.1708    30.1313    21.9340    11.6481    23.1567    20.4197    16.2443     8.3426     9.5156
   10.0825     6.5054     8.5767    11.2887    15.8205    18.6051    23.7586    28.4536    24.5369    22.6380    35.6699    53.6791    45.0646    64.2498    43.1914    76.2806    77.2254    89.1734    84.4867   100.4972    76.1076    69.5910   106.7740   121.5536    77.7586    83.4811    76.0920    86.4831   115.0899    61.1639    83.3139    69.2000    64.2886    67.8328    63.5239    62.9036    47.3967    46.4329    50.1310    48.7301    43.6592    38.5389    31.9643    23.4075    15.0238    21.3443    15.0833    11.6352     9.8514     9.9161    10.9630
   10.6607    10.2967     9.4628    10.8737    13.0852    17.1398    17.2494    23.4870    24.3329    28.4162    32.3027    48.5852    53.6862    50.8657    70.9233    63.0911    71.1618    81.8382    69.7181    69.6561   103.3394    86.7961    95.9754   107.6539    79.7691    80.3821    95.6740    82.8018    65.5038   104.0915    76.4537    98.1206    59.8760    69.1656    69.7293    55.7099    70.7543    46.3729    26.6281    50.5828    19.6876    26.2581    23.6918    23.4219    17.1425    18.4559    13.0285     9.0236     9.9709     7.3049     7.8637
    6.0793     6.0783    11.0061     7.6384    11.3852    14.7759    21.2588    21.2461    31.2879    23.9450    48.8026    44.2667    45.9710    37.2423    43.7049    56.4304    36.0569    72.5700    61.3046   101.4314   116.9716    77.7034    94.5138    86.9218    65.9902   105.2983    74.6163    49.7628    94.9621    79.9144    78.9892    56.1519    81.5245    67.6888    61.3694    54.4764    65.1687    69.4171    30.8992    45.6594    34.9702    30.0430    30.7938    22.0789    16.7940    17.8027    11.0232     8.8044    10.7689     5.4994     5.6650
    5.7283     6.3191     5.6266     6.0234    12.5449    14.5047    18.8915    19.0382    31.5974    25.8325    39.3148    39.8401    39.9776    66.6611    67.2701    81.7300    76.5824    94.0978    88.2570    79.3658    78.0770   100.8057   106.1692   110.5169    71.3454    77.1208   125.5890   100.8637    98.7520    93.7019   110.3943   103.6507    90.0978    76.8189    63.2026    60.6467    48.7934    34.7489    59.3050    44.3147    29.4982    29.6467    35.1206    21.8251    28.0318    14.6870    11.8614    10.0212     7.3933     5.2845     5.1827
    2.0485     3.9712     5.8048     6.4745     8.4584     8.1668    18.2093    19.5564    33.7362    30.6814    34.6554    24.4909    40.8380    56.5058    47.4700    69.3947    79.1178    65.4612    90.4169   110.7459    95.3153    85.5466    77.0567   108.6652    81.1031    85.5812    90.0184   107.2967    63.9885   100.1895   101.2971    74.7357    63.7929    85.4197    44.6069    55.9644    66.8405    48.8833    49.0972    50.3525    37.0418    31.8150    23.9152    26.7817    20.7266     9.3138     8.0459     7.0392     5.0071     5.8219     4.0063
    2.0454     1.8944     4.7626     6.0448     9.9150     9.9778    13.1711    23.0741    22.0149    30.3184    31.0519    53.3617    48.2806    45.5106    60.6497    49.8974    79.6319    88.7006    87.1233    77.8819   126.9494    95.9657    78.2307    76.5757   108.5621   103.2027    57.3888    99.4157   119.4255   115.2833   125.9730   101.1500    83.3583    84.3756   100.0252    76.8445    51.6019    33.2493    42.3968    49.6571    19.6783    20.3023    20.4674    22.2067    18.5887    13.8624     8.9598     4.0097     5.3553     3.4005     2.9274
    1.7635     2.2116     3.3398     6.0028     7.1111    12.5430    19.5903    13.7025    21.9070    26.8451    26.6857    37.6236    44.2514    52.5349    61.0345    99.5449    91.0940    76.4703    75.3037   101.0859    63.1919    72.6623    82.7107   106.2559   100.4831   101.6534    88.3222    81.6640    72.7618    68.0821   110.5498   108.6000    97.9620    65.4816    76.3325    52.1671    56.1545    47.6106    45.0368    29.8948    32.4110    28.9926    20.0200    24.7241     9.9767     6.9707     9.9414     5.4411     2.6721     1.9684     1.6502
    0.9559     1.3399     2.4556     4.7048     5.6305     8.7356    15.0320    19.8060    23.9364    39.2231    42.0896    48.4393    54.3963    40.2322    74.5260    54.9674    74.1582    75.0737    57.4330    67.5015    98.3495   108.2911   113.9581   124.3123   121.2275    92.1488    87.9385   144.5777    92.0472    70.8524    51.7440    96.3190    99.5936    86.6622    70.3030    56.2458    57.7576    63.8333    61.0183    47.3290    41.2015    28.5101    23.9622    16.7701    14.0639    11.2163     9.4614     4.8756     3.1921     1.1157     1.0247
    0.4972     0.9118     2.2777     3.9777     4.2831    10.3263    10.9572    18.6824    26.4879    24.5267    40.9233    45.1701    37.9534    61.6395    51.5441    39.7060    64.5653    78.7319    76.0986    87.1087   113.6382    90.2006    94.1692    93.9409    77.4908    98.2694   115.4987    91.3584    81.6477    85.2086   102.3799    84.9941    91.0934    70.7956    65.8876    66.7649    62.2771    54.1590    37.8628    42.8366    33.6194    24.1531    29.0990    13.2258    11.4317    11.8984     7.3168     3.9195     1.9452     0.9181     0.5229
    0.0958     0.6006     1.7830     2.5535     6.0041     8.9604    11.5272    17.8066    23.5261    35.4314    29.2045    43.7882    34.4852    60.8159    60.5614    56.2817    60.5982    96.3035   100.3438   108.0022    81.8201   106.2300    94.5181   109.5117   115.2759   141.7090    99.7504    94.5328    75.7412    88.7833   102.9321    77.7810    84.6662    37.6175    47.3748    71.0373    75.7701    46.1501    50.2307    22.2797    23.3587    32.8488    25.5966    25.3535    18.2783     7.6780     5.3756     4.0375     1.6870     0.5365     0.1068
    0.0000     0.4297     1.7486     4.0907     4.8643     8.7325    15.7608    21.2861    26.6846    21.3913    39.2579    39.8135    48.7419    60.8637    64.5078    57.3211    90.9223    55.6638    65.9659    83.5874   101.8019    59.0558    49.1207   129.2666    93.1306    82.2803   132.1580   135.8679   112.3300   109.5013    99.5528    96.4021    76.5931    76.7017    69.4827    67.6716    64.9330    53.4497    39.0576    38.3267    32.5847    24.0288    22.4588    16.4473    10.8786    12.2395     6.3028     2.2072     1.6657     0.3884     0.0000
    0.1135     0.3814     2.3407     3.9537     4.7473     8.2433    13.0569    22.2982    29.9582    29.9444    37.5627    32.1734    49.9489    25.8816    61.1467    82.8140    55.1244    75.2337    68.3884    90.6160    87.8894    80.5283   136.9454    88.5825    59.7628    93.1811    81.3062    81.1191   124.3051    61.8005    80.4731    73.6214    38.3184    93.5865    98.4388    68.2274    50.6960    62.2933    48.6062    39.7500    41.4856    16.8607    27.1020    22.8590    15.4540    12.5127     6.4270     4.4731     1.5129     0.4723     0.1282
    0.4166     0.7873     2.1139     3.8711     7.1700     7.1518    10.2270     6.6009    28.9050    28.7273    35.0880    30.9470    44.2792    61.8887   100.5986    67.3393    75.8005    82.8352    71.7115    90.1168    74.6620    95.2787    81.3952    69.6783    89.5410   144.1488   130.9917   101.9962    79.2919    60.9673    81.2730    84.2344    73.1315    85.4587    91.9215    72.6388    69.7370    57.0473    32.7202    42.8514    37.1894    19.1629    23.7424    21.7718     7.7754     9.3879     6.6041     4.4276     2.6966     0.8000     0.3909
    0.8946     1.5227     1.2809     3.6546     8.5488    11.1477    15.6622    22.0775    23.3115    16.2569    49.3003    36.3544    35.6224    46.2374    61.8170    61.7990    74.5179    78.2214    82.7307   105.3237    91.1093   113.8888    89.4817    90.4006    98.7816   109.4597   105.0881   108.7815    86.0470   126.6642   108.3371    59.1768    63.0106    47.3162    64.7849    50.2884    52.6713    72.9780    51.5905    47.6078    29.4962    34.0750    29.1834    16.1707    12.9298     9.2962     8.1888     3.5881     2.5163     1.2108     1.2413
    1.6314     2.1897     2.2743     6.0464     6.3748    11.1269    10.4349    17.6295    19.5761    23.5534    33.3467    41.2660    61.2464    39.1593    38.2848    50.1277    59.9850    76.4054    72.9568   142.3845    87.9798   100.3405    84.1233   105.7729    94.4391    63.0028    85.1813   140.0362   101.0547   115.3750    99.6876    61.9719    99.3952    86.7950    50.5746    53.4741    51.3240    40.4230    47.0186    49.0099    40.0903    17.8176    21.7381    11.9047    20.1129     9.7001     8.3877     5.2633     3.7047     2.2348     1.2633
    2.4134     2.9149     2.5140     7.5822     7.1708    13.1145    18.3261    20.2093    25.7065    38.2223    44.2144    34.0063    38.1089    80.7683    51.6153    50.9204    63.4024    73.7503    85.1414    77.7415    90.4834    89.9364   108.9664   132.5598    77.5719    99.2133   112.7950   103.7100   101.9413   107.3493    96.6934    67.1175    56.5782    72.0718    91.7495    58.6086    59.4980    47.6535    33.2519    50.4924    40.9392    29.1913    21.6908    23.6053    11.1887    10.7782     9.2749     4.9071     3.8513     3.3815     2.9984
    3.8619     3.6975     5.1350     5.5760    12.8949    11.8718    14.6689    23.2133    24.3427    34.6181    31.7831    51.8918    52.8060    54.8692    54.4132    37.2864    51.4393    82.3593    66.2094    46.6640    98.5116    81.8076   113.3345   111.1105    92.4631    84.8372    79.7160   114.1370    95.6218   113.1805    96.3686   105.6761    88.3776    85.4440    83.6481    27.6899    53.5593    49.0512    35.8242    40.5442    31.0911    37.8435    22.6243    13.3695    21.5094    11.5961     6.7643     4.7674     4.8214     4.2742     2.5640
    4.6480     5.4502     8.5417     7.0967     9.1596    13.1404    24.4177    19.0215    22.2008    31.6343    37.9226    49.5913    48.4520    64.6730    57.9383    72.3148    78.6829    72.9434   103.3968   100.2464    76.2760   108.6035   107.4386    74.2701   117.5958    67.9174    92.8774    83.7497    91.0547    80.2566    76.5563    97.9357    80.2290    84.8043    79.9499    79.8366    51.8138    45.9834    50.4266    44.2817    47.2207    33.5151    26.7276    21.8050    13.5900    13.0819    11.7627     8.7213     5.8093     6.9242     2.9962
    5.2759     6.6296     9.3652    10.4461    10.0927    16.1778    18.7991    12.0553    22.9760    31.4394    36.8950    28.4858    49.7133    47.1368    38.3037    62.5710    61.3686    67.7545    87.2527    86.9851    87.2219    88.0850    54.7600   119.5419    86.8802   107.1990   107.7458   102.7377   100.9933    85.2706   111.9599    50.7692    73.2415    83.3208    72.0284    82.9185    55.6922    66.7751    37.2637    31.9140    40.6932    26.6307    21.8240    19.0262    18.5647    11.6868    12.1691     9.6288     7.9144     6.7356     5.5866
    7.8899     7.5771     6.4700    15.4262    12.7389    16.1353    21.9288    25.5760    30.4508    41.6549    40.6718    48.6812    40.0622    60.4779    56.2526    72.5771    69.7762    54.3605    87.2062    99.9245    91.2718    62.9926    65.4951   109.3336   105.5867    79.0920    94.8209    85.6470    69.9052   110.1958    76.6782    78.9953    60.5636    58.5579    69.0580    48.9169    49.3484    78.7473    57.0572    20.3111    29.7379    40.6122    23.0739    20.1596    22.1161    17.8391    13.7903    10.5917    10.2315     8.5203     8.1837
   10.0967     8.8588     9.5780    12.2553    14.5645    13.2517    21.3723    18.2206    20.4335    27.0111    43.9538    41.2224    37.2565    52.3805    63.4353    59.1734    89.2428    77.6747    65.4740    78.2643    89.8758    98.4561    79.9813    79.4896    67.7167    78.6297    91.5598    86.1039    73.9745    98.8588   128.9399    68.4773    64.2487    69.7075    62.3618    47.6948    64.5531    67.4846    38.9030    33.5692    43.3840    28.2474    29.3373    28.0670    29.2861    21.9203    10.5112    14.2297    10.4979     8.7810    12.5561
   11.1424     9.0372    12.2826    12.2993     7.1336    14.1351    22.9031    30.9197    34.1702    33.8703    25.0566    46.7155    43.4098    57.8983    66.4541    58.6179    89.5127    72.7715    92.7873    90.3642    56.5318    82.2232    81.3801   113.3013    52.9176   110.4493    84.6604    96.4559   102.0443   117.4301   106.1579   104.0353   103.5258    69.4733    73.6221    57.3604    65.6471    46.3294    41.2992    58.3886    47.7559    45.5571    26.4366    32.2865    22.2863    19.4162    20.4986    14.2617    12.5869    10.6878    12.4248
   19.2560    13.1141    17.2244    17.1127    17.7365    18.1626    21.3221    14.4564    28.0132    28.9346    51.0040    37.2665    51.3965    48.5031    60.2207    47.8760    55.9712    65.2282    61.2231    57.5798    76.7349    94.5141    77.2124    69.3169    63.3649    69.4685    86.8369    85.1774    85.2120    81.1230    74.7777    87.0505    71.2549    71.4209    61.1203    60.2338    53.8295    38.2190    40.4383    33.1468    37.9791    35.5199    31.4244    19.2409    30.1780    23.7793    18.6650    20.5886    13.0733    11.3733    14.3641
   17.5362    16.5340    19.3168    20.0745    21.4911    22.8779    21.0428    19.5585    33.1982    34.1154    48.3039    37.7444    48.4721    44.1649    34.6389    70.4551    48.7758    76.9530    58.3169    42.3674    71.6098   113.7182    78.8007   107.7236    97.7522    97.6157   111.7084    76.5930    74.2573    93.2301    72.9114    69.0779    78.4330    70.0839    81.1153    58.1733    59.7077    60.7248    48.7467    28.8820    48.1550    34.1215    30.5713    20.3046    17.7604    19.0840    20.9252    19.1419    14.9194    17.4210    13.2860
   19.1672    18.1541    15.3748    25.1766    22.8341    25.0619    29.2915    41.8395    28.6842    25.8441    35.0580    34.2217    39.4451    69.7921    50.1797    56.8813    89.8358    61.2415    71.5128    82.9569    76.2405    81.3223    55.9843    70.4355    82.2347    78.6018    90.8329    89.5728    84.3369    71.3182    59.0907    64.4185    38.0035    68.2717    58.2146    79.7682    64.7062    37.5126    41.1425    48.6318    39.9102    25.2361    27.9426    19.5391    37.6758    24.5100    30.2809    25.6446    15.1763    22.7840    17.5120
   20.6566    14.8544    23.7664    28.9273    19.0774    21.3773    28.9040    33.9027    40.1802    43.6987    40.8685    42.6142    58.0263    40.6654    56.9466    61.2781    57.4326    96.0833    68.5438    88.0853    73.4246    87.4011    69.2709    88.0891    89.2221    98.2922    72.9302    95.8488    39.8238   100.2978    59.4976    48.9169    80.0911    67.9995    63.2700    47.8949    44.0626    43.1260    45.3241    47.1021    46.9849    47.9382    34.5293    39.5961    34.5692    19.7726    21.8906    17.9501    21.7284    15.0890    24.8568
   25.5717    23.6520    16.7652    19.8697    34.7722    28.6178    30.4507    29.6996    32.9803    48.4889    53.6969    50.1291    61.1124    71.5685    64.4690    44.0986    55.4992    71.6498    67.3484    60.9888    74.3957    46.4078    72.5569    83.5410    78.2091    64.4805    64.8594   107.7793    91.5105    87.1390    73.7463    71.3137    65.2247    69.7342    67.9973    38.0521    66.9896    43.9285    43.5549    49.8698    35.7795    32.9570    48.7837    40.2471    36.1344    32.0058    28.7253    32.8613    16.2588    26.0358    16.0091
   29.0485    31.1610    26.3807    37.6050    33.9847    27.5925    31.9184    26.1435    26.4572    42.2831    38.0983    55.4298    55.1444    33.8641    67.2139    40.8898    63.0391    77.5436    53.8092    65.6171    68.1222    51.7435    72.1481    58.2393    84.4403    65.9445    70.3282    71.9620    71.4272    67.8209    48.1251    57.5362    62.4519    63.1695    80.6284    47.8169    59.1288    69.0939    63.6892    46.6373    51.6872    54.1523    57.2615    30.0172    35.8476    27.6028    32.3744    16.9468    15.3832    23.7567    20.7155
   23.7602    26.1890    34.5633    23.3292    43.0662    35.3385    25.8520    45.6083    39.6937    35.5915    38.2558    39.8475    52.4340    54.8846    51.8426    51.4026    67.2502    77.5990    60.1183    53.0579    72.0536    62.9112    77.1123    74.6394    66.0623    50.0783    58.5628    85.9157    59.0453    67.0934    75.8683    55.1285    42.6007    62.6355    49.0168    35.6891    47.3161    58.7156    45.3023    47.7247    43.2605    52.8460    42.1610    40.4830    29.6148    31.7083    35.7857    28.8547    28.4070    28.8677    25.1753
   25.3528    34.7403    33.3638    23.2705    34.8005    36.6718    27.0655    45.3956    44.4310    42.6295    49.8772    32.6193    39.6157    44.2604    66.1736    39.2536    68.5875    55.2092    76.7675    66.4277    62.8780    74.4882    49.7281    80.2737    67.1544    79.0280    71.4768    71.4176    72.4220    50.1338    66.0831    50.3632    65.7671    72.2073    64.4542    54.3961    45.0089    37.8683    50.6082    62.1933    46.2571    42.4150    45.5314    36.7730    40.8926    33.9757    40.2104    31.1621    28.3934    43.9641    27.0858
   34.2963    37.0317    33.9950    36.0310    35.8983    20.1272    34.7899    38.9535    35.5706    48.2415    31.2430    43.4935    43.1000    58.8973    60.1034    58.4269    58.5127    47.5168    63.3628    67.8475    73.7189    60.5323    80.6834    81.5779    77.5692    55.5660    70.9016    49.0584    71.3130    65.8135    58.9155    53.2848    53.9172    38.1824    41.7210    41.6591    46.7846    54.6117    30.8933    46.6473    31.5863    43.7361    43.0493    44.8084    37.8344    39.6543    42.8873    38.6779    39.1787    28.4749    36.0310
   37.3799    28.2267    49.3328    30.6093    38.2699    53.2390    44.2468    39.7089    51.6244    58.2192    43.6966    61.5087    58.1624    64.9717    64.2446    57.4616    41.8973    66.8281    64.8389    49.8945    66.0063    59.4347    67.9616    63.8295    79.3638    43.3842    72.1639    67.8947    58.8120    47.4921    68.0187    42.0934    68.8281    63.0586    39.4768    55.0911    59.1221    49.6022    38.4713    56.9472    58.5121    42.1843    47.5814    46.4808    58.0903    46.9270    37.4077    38.6004    39.5949    50.3905    47.4518
   49.3228    43.4700    49.5509    25.5711    34.2772    44.8518    43.5191    54.0469    44.2771    65.6206    33.6470    52.3874    53.7702    50.9101    56.2478    69.8054    49.5345    39.5445    64.0305    49.2266    64.0549    61.6865    71.1689    62.1013    73.3699    68.5552    48.6055    74.2488    49.7737    68.5033    61.6597    53.3960    52.4518    43.6724    47.6801    49.6840    56.4518    73.3189    36.8596    66.3266    61.3409    48.4092    30.4354    46.9721    34.8627    43.5596    29.1525    29.4201    29.6847    31.3435    38.8495
   52.5213    60.6050    39.8768    55.8710    49.9922    30.6516    45.8253    42.1217    30.2412    41.5250    42.8343    50.0831    47.3837    38.4837    50.4750    49.5412    52.1303    58.7337    38.8357    43.9995    70.2554    62.6573    58.6374    57.3987    54.4451    66.7749    48.2851    48.3256    58.3353    58.1319    58.1660    48.6017    44.8189    60.8956    62.6098    59.2349    61.3042    41.3954    45.7658    47.3684    67.5522    50.3604    53.7130    51.8263    35.0181    35.0200    35.8974    44.7867    35.9522    46.4744    47.6666
   43.8974    53.1313    44.8260    52.6325    31.3171    52.5930    58.3318    37.1563    48.5542    46.8495    42.9852    53.0918    40.2373    50.3591    27.1796    59.3486    66.7816    37.8701    80.4565    47.2924    58.1510    53.0412    61.3197    42.9214    66.2541    64.8574    40.9802    59.9445    57.2803    47.7024    26.1281    57.2321    62.0278    65.3051    52.0773    56.8596    39.9959    45.3911    40.2329    63.2401    35.6165    70.9355    64.1417    54.3558    46.6218    40.3592    31.1685    46.5733    23.8892    68.0818    34.1241
   47.3760    57.2123    45.1617    58.1370    66.4013    60.9531    60.3442    51.0228    63.0357    60.1778    51.6686    45.3813    53.2226    44.3611    41.7825    66.0615    45.6822    38.9664    45.2944    44.6800    35.8026    34.2563    63.3358    46.8459    65.6667    48.4180    50.6420    35.3542    48.4731    63.5871    34.2249    51.2382    64.2504    52.6295    59.8192    28.4135    54.3608    45.3342    60.2007    48.0667    45.6686    43.3288    35.1702    33.0628    47.3318    72.3990    53.8737    46.4475    46.4689    49.5789    54.0523
